Cycle,Interesting_Passcodes,Interesting_Commands,Errors,Tests_This_Cycle,Total_Tests,Avg_Execution_Time
1,1,3,1,7,7,0.05143
2,1,4,2,6,13,0.04469
3,1,4,2,5,18,0.03739
4,1,4,2,8,26,0.038
5,1,4,2,8,34,0.03357
6,1,5,3,9,43,0.03827
7,1,7,5,10,53,0.04466
8,1,10,8,10,63,0.04945
9,1,11,9,8,71,0.05045
10,1,11,9,3,74,0.04927
11,2,15,14,10,84,0.05185
12,3,19,19,10,94,0.05094
13,3,19,19,6,100,0.0501
14,3,19,19,5,105,0.04881
15,3,24,24,10,115,0.05254
16,3,24,24,5,120,0.05131
17,3,25,25,8,128,0.05233
18,3,25,25,6,134,0.05164
19,3,25,25,6,140,0.05066
20,3,26,26,6,146,0.0503
21,3,26,26,5,151,0.04939
22,3,27,27,8,159,0.04982
23,3,28,28,7,166,0.04952
24,3,28,28,5,171,0.04883
25,3,29,29,6,177,0.04859
26,3,31,31,10,187,0.05044
27,3,33,33,7,194,0.05064
28,3,35,35,10,204,0.05178
29,3,36,36,6,210,0.05143
30,3,36,36,10,220,0.05295
31,3,36,36,10,230,0.05382
32,3,37,37,6,236,0.05317
33,3,39,39,10,246,0.05459
34,3,40,40,8,254,0.05519
35,3,40,40,6,260,0.05477
36,3,41,41,6,266,0.05411
37,3,41,41,10,276,0.05433
38,3,41,41,6,282,0.05401
39,3,43,43,7,289,0.05385
40,3,43,43,7,296,0.05385
41,3,43,43,6,302,0.05361
42,3,46,46,10,312,0.05457
43,3,46,46,6,318,0.05434
44,3,46,46,10,328,0.05523
45,3,49,49,10,338,0.05607
46,3,49,49,6,344,0.05574
47,3,53,53,10,354,0.05586
48,3,54,54,8,362,0.05584
49,3,57,57,10,372,0.0565
50,3,58,58,8,380,0.05662
51,3,59,59,6,386,0.05631
52,3,61,61,9,395,0.05669
53,3,63,63,7,402,0.05664
54,3,63,63,8,410,0.05664
55,3,63,63,5,415,0.05627
56,3,64,64,8,423,0.05649
57,3,64,64,5,428,0.05605
58,3,66,66,10,438,0.05654
59,3,67,67,7,445,0.05653
60,3,67,67,6,451,0.05612
