Cycle,Interesting_Passcodes,Interesting_Commands,Errors,Tests_This_Cycle,Total_Tests,Avg_Execution_Time
1,1,2,0,6,6,0.0335
2,1,5,3,10,16,0.05017
3,1,5,3,7,23,0.04988
4,1,5,3,6,29,0.04538
5,1,8,6,10,39,0.05312
6,1,10,8,8,47,0.05524
7,1,11,9,9,56,0.05898
8,1,13,11,10,66,0.06288
9,2,14,13,10,76,0.06285
10,2,14,13,6,82,0.06027
11,2,15,14,10,92,0.05792
12,2,15,14,7,99,0.05734
13,2,16,15,10,109,0.05856
14,2,16,15,10,119,0.06285
15,2,16,15,7,126,0.06247
16,2,17,16,8,134,0.0629
17,2,20,19,10,144,0.06318
18,3,21,21,7,151,0.06247
19,3,21,21,6,157,0.06153
20,3,23,23,10,167,0.06249
21,4,23,24,6,173,0.0612
22,4,24,25,6,179,0.06032
23,4,25,26,10,189,0.06108
24,4,28,29,8,197,0.06083
25,4,30,31,10,207,0.06177
26,4,31,32,10,217,0.06146
27,4,31,33,5,222,0.06068
28,4,31,33,7,229,0.06145
29,4,31,33,5,234,0.06065
30,4,31,33,5,239,0.05987
31,4,31,33,6,245,0.05944
32,4,35,37,10,255,0.06049
33,4,35,37,5,260,0.0599
34,4,35,37,7,267,0.05936
35,4,36,38,7,274,0.05886
36,4,37,39,8,282,0.06006
37,4,38,40,6,288,0.05964
38,4,38,40,5,293,0.05903
39,4,40,42,10,303,0.05963
40,4,40,42,5,308,0.05909
41,4,40,42,5,313,0.05871
42,4,40,42,7,320,0.05833
43,4,40,42,10,330,0.05894
44,4,42,44,8,338,0.05872
45,4,43,45,10,348,0.05977
46,4,46,48,10,358,0.06019
47,4,46,48,5,363,0.05968
48,4,48,50,9,372,0.0599
49,4,50,52,10,382,0.06048
50,4,50,52,5,387,0.05989
51,4,50,52,5,392,0.05939
52,4,52,54,9,401,0.0599
53,4,56,58,10,411,0.05999
54,4,59,61,10,421,0.06058
55,4,59,61,5,426,0.06018
56,4,60,62,6,432,0.0599
57,4,62,64,7,439,0.05974
58,4,63,65,8,447,0.05968
59,4,64,66,7,454,0.05922
60,4,64,66,5,459,0.0588
