Cycle,Interesting_Passcodes,Interesting_Commands,Errors,Tests_This_Cycle,Total_Tests,Avg_Execution_Time
1,1,2,0,8,8,0.07025
2,1,3,1,7,15,0.06447
3,2,3,2,6,21,0.05876
4,2,3,2,5,26,0.05089
5,2,6,5,10,36,0.05632
6,2,6,5,5,41,0.053
7,2,6,5,10,51,0.05923
8,2,9,8,9,60,0.05714
9,2,12,11,10,70,0.05957
10,2,13,12,10,80,0.06233
11,2,13,12,6,86,0.06062
12,2,14,13,6,92,0.05929
13,3,17,17,10,102,0.0618
14,3,18,18,7,109,0.06101
15,3,18,18,2,111,0.06035
16,3,19,19,9,120,0.06101
17,3,19,19,7,127,0.05993
18,3,20,20,6,133,0.05781
19,3,21,21,10,143,0.05897
20,3,21,21,5,148,0.05777
21,3,22,22,7,155,0.05789
22,3,23,23,7,162,0.05736
23,3,26,26,10,172,0.05869
24,3,27,27,10,182,0.05925
25,3,27,27,5,187,0.05876
26,3,27,27,5,192,0.05792
27,3,28,28,10,202,0.05874
28,3,29,29,10,212,0.05967
29,3,31,31,9,221,0.06005
30,3,31,31,5,226,0.05937
31,3,33,33,10,236,0.06058
32,3,33,33,5,241,0.05986
33,3,36,36,10,251,0.06075
34,3,38,38,10,261,0.06139
35,4,41,42,10,271,0.06154
36,4,41,42,6,277,0.06107
37,5,42,44,10,287,0.06191
38,5,44,46,9,296,0.06108
39,5,47,49,10,306,0.06142
40,5,49,51,10,316,0.06188
41,6,50,53,9,325,0.06218
42,6,50,53,5,330,0.06168
43,6,50,53,5,335,0.06106
44,6,51,54,9,344,0.06171
45,6,52,55,10,354,0.0622
46,6,52,55,5,359,0.06161
47,6,52,55,7,366,0.06134
48,6,54,57,7,373,0.06123
49,6,54,57,6,379,0.06093
50,6,54,57,7,386,0.06076
51,6,54,57,7,393,0.06037
52,6,56,59,10,403,0.0611
53,6,57,60,8,411,0.06105
54,6,59,62,10,421,0.06224
55,6,61,64,10,431,0.06259
56,6,61,64,5,436,0.06214
57,6,61,64,6,442,0.06177
58,6,64,67,9,451,0.06195
59,6,64,67,5,456,0.06156
60,6,66,69,10,466,0.06181
