Cycle,Interesting_Passcodes,Interesting_Commands,Errors,Tests_This_Cycle,Total_Tests,Avg_Execution_Time
1,1,2,0,5,5,0.0314
2,1,2,0,5,10,0.0265
3,1,2,0,7,17,0.04029
4,1,4,2,10,27,0.05726
5,1,4,2,6,33,0.05158
6,1,4,2,10,43,0.04788
7,1,4,2,10,53,0.04511
8,2,4,3,10,63,0.04371
9,2,4,3,9,72,0.04248
10,2,4,3,7,79,0.04171
11,2,4,3,10,89,0.04155
12,2,4,4,9,98,0.04077
13,2,4,4,10,108,0.0385
14,2,4,4,10,118,0.03725
15,2,4,4,5,123,0.03665
16,2,4,4,5,128,0.03611
17,2,4,4,9,137,0.0359
18,2,4,4,6,143,0.03634
19,2,4,4,5,148,0.03576
20,2,4,4,10,158,0.0352
21,2,4,4,10,168,0.03511
22,2,4,4,10,178,0.0354
23,2,4,4,5,183,0.03512
24,2,4,4,6,189,0.03469
25,2,4,4,10,199,0.03412
26,2,4,4,10,209,0.03442
27,2,4,4,10,219,0.03487
28,2,4,4,6,225,0.03444
29,2,4,4,6,231,0.03403
30,2,4,4,8,239,0.03394
31,2,4,4,9,248,0.03372
32,2,4,4,10,258,0.03374
33,2,4,4,6,264,0.03352
34,2,4,4,10,274,0.0337
35,2,4,4,5,279,0.03351
36,2,4,4,6,285,0.03335
37,2,4,4,10,295,0.03367
38,2,4,4,10,305,0.0335
39,2,4,4,10,315,0.03362
40,2,4,4,6,321,0.03344
41,2,4,4,10,331,0.03422
42,2,4,4,7,338,0.03384
43,2,4,4,5,343,0.03377
44,2,4,4,7,350,0.03351
45,2,4,4,7,357,0.0335
46,2,4,4,10,367,0.03324
47,2,4,4,10,377,0.03345
48,2,5,5,8,385,0.03299
49,2,6,6,6,391,0.03308
50,2,8,8,6,397,0.03372
51,2,8,8,5,402,0.03355
52,2,11,11,10,412,0.0341
53,2,12,12,7,419,0.03432
54,2,15,15,10,429,0.03503
55,2,15,15,6,435,0.03505
56,2,16,16,6,441,0.0351
57,2,18,18,10,451,0.03611
58,2,20,20,10,461,0.03718
59,2,22,22,10,471,0.03819
60,2,23,23,10,481,0.03918
