Cycle,Interesting_Passcodes,Interesting_Commands,Errors,Tests_This_Cycle,Total_Tests,Avg_Execution_Time
1,1,5,3,9,9,0.06589
2,1,6,4,6,15,0.0562
3,1,7,5,10,25,0.06552
4,1,9,7,10,35,0.06957
5,2,11,10,9,44,0.07095
6,2,12,11,10,54,0.07402
7,2,13,12,6,60,0.06936
8,2,13,12,10,70,0.07003
9,2,13,12,8,78,0.06948
10,2,16,15,8,86,0.06939
11,3,16,16,5,91,0.06668
12,3,17,17,6,97,0.065
13,3,18,18,6,103,0.06338
14,3,19,19,10,113,0.06709
15,3,21,21,10,123,0.06683
16,3,22,22,8,131,0.06668
17,3,23,23,7,138,0.06557
18,3,26,26,10,148,0.06639
19,3,26,26,6,154,0.06526
20,3,28,28,10,164,0.06602
21,3,28,28,10,174,0.06696
22,3,30,30,10,184,0.06754
23,3,34,34,10,194,0.06885
24,3,34,34,10,204,0.06884
25,3,34,34,7,211,0.06863
26,3,34,34,6,217,0.06882
27,3,36,36,8,225,0.06798
28,3,36,36,6,231,0.06725
29,3,36,36,5,236,0.06629
30,3,39,39,10,246,0.06645
31,3,41,41,7,253,0.06615
32,3,41,41,5,258,0.06537
33,3,42,42,6,264,0.06478
34,3,46,46,10,274,0.06457
35,3,47,47,10,284,0.06541
36,3,47,47,5,289,0.06473
37,3,47,47,6,295,0.06427
38,3,47,47,5,300,0.06373
39,3,48,48,6,306,0.06316
40,3,50,50,10,316,0.06352
41,3,51,51,8,324,0.06334
42,3,52,52,10,334,0.06387
43,3,52,52,5,339,0.06326
44,3,52,52,6,345,0.06281
45,3,54,54,8,353,0.06211
46,3,57,57,8,361,0.06168
47,3,59,59,10,371,0.06232
48,3,60,60,7,378,0.06213
49,3,60,60,10,388,0.06261
50,3,61,61,10,398,0.06299
51,3,65,65,9,407,0.06313
52,3,65,65,5,412,0.0626
53,3,65,65,5,417,0.06209
54,3,65,65,5,422,0.06187
55,3,65,65,5,427,0.06138
56,3,66,66,6,433,0.06097
57,3,68,68,10,443,0.0616
58,3,70,70,7,450,0.061
59,3,71,71,6,456,0.06065
60,3,72,72,6,462,0.06038
